[[0.52698,1.42067,0.7259,1.34957,1.45266,0.9916,0.66364,0.48068,0.34747,0.42298,0.36763,0.90398,0.89132,1.52776,0.36482,0.45957,0.28481,0.40655,0.2845,0.21438,0.30967,0.30172,0.39336,0.3308,0.38174,0.37632,0.33325,0.25956,0.37454,0.22988,0.29622,0.52165,0.60183,0.68264,2.10507,0.26476,0.33466,0.28816,0.32945,0.4221,0.21155,0.30043,0.40147,0.47283,0.23891,0.38555,0.29957,0.17238,0.32315,0.2725],
[0.87136,2.52645,1.23912,2.40318,2.59117,1.722,1.12192,0.78155,0.52655,0.67506,0.57002,1.58478,1.55446,2.69463,0.57276,0.75971,0.42431,0.653,0.42109,0.28044,0.46,0.45537,0.62683,0.50889,0.60479,0.5865,0.50477,0.3955,0.55909,0.31624,0.44393,0.86101,1.02871,1.14792,3.77753,0.33969,0.46377,0.36836,0.48493,0.68882,0.27767,0.451,0.64222,0.77768,0.34342,0.58851,0.46294,0.22762,0.49191,0.41299],
[0.53699,1.42796,0.73579,1.36131,1.46294,0.99686,0.67245,0.48883,0.35288,0.4312,0.37409,0.9189,0.90385,1.53346,0.3756,0.46963,0.29921,0.41906,0.29582,0.22484,0.31462,0.31211,0.40342,0.34115,0.38994,0.38591,0.34158,0.28143,0.38776,0.2388,0.30711,0.54403,0.62222,0.70119,2.10383,0.27417,0.35699,0.30683,0.34881,0.43727,0.22228,0.31227,0.4126,0.48255,0.25485,0.4012,0.31736,0.19058,0.35136,0.29218],
[3.73371,11.73169,5.48951,11.126,12.0427,7.82324,4.94801,3.32731,2.08598,2.81016,2.31905,7.25579,7.11777,12.49497,2.43854,3.36719,1.72127,2.80418,1.7219,0.98389,1.79494,1.82226,2.69523,2.13606,2.60325,2.50041,2.04201,1.64151,2.21987,1.12161,1.72714,3.79211,4.70771,5.10606,17.69228,1.07568,1.71817,1.13377,1.94795,2.99038,0.91648,1.85931,2.76939,3.4111,1.35238,2.41413,1.99836,0.67118,2.04077,1.74855],
[0.96071,2.81101,1.37107,2.67347,2.88324,1.90992,1.24032,0.86053,0.56942,0.74169,0.62446,1.76027,1.72641,2.99754,0.63088,0.8332,0.46144,0.71927,0.46076,0.29991,0.50171,0.48874,0.69136,0.55882,0.66675,0.64286,0.55167,0.42031,0.60675,0.3327,0.47321,0.93632,1.14057,1.26493,4.18501,0.36189,0.48994,0.37816,0.5236,0.75219,0.29391,0.4945,0.70852,0.85965,0.36422,0.63527,0.50507,0.21419,0.52263,0.44575],
[0.83927,2.39382,1.18217,2.27647,2.45318,1.63592,1.0729,0.75554,0.50994,0.65624,0.55829,1.51248,1.48421,2.56808,0.56871,0.74359,0.4271,0.64256,0.42656,0.28705,0.4557,0.45207,0.61924,0.50851,0.59869,0.57366,0.49745,0.39855,0.55512,0.31611,0.43502,0.84396,0.9997,1.1102,3.57378,0.34545,0.47056,0.37236,0.49102,0.67108,0.28204,0.45475,0.63359,0.75989,0.34816,0.58701,0.46873,0.2275,0.49618,0.42119],
[0.5687,1.56257,0.79215,1.48769,1.60191,1.08554,4.30441,2.90239,1.78715,2.46241,0.76246,0.9904,1.0752,1.6687,2.13462,2.93597,1.51092,2.45994,1.23904,0.71139,0.60739,0.59898,0.85482,1.29402,2.27587,2.10266,1.78111,1.29288,1.59611,0.82048,0.57374,1.17162,1.43011,1.69052,6.68002,0.80389,1.26017,0.84081,1.40717,2.12664,0.34491,0.60621,0.87651,1.06739,0.56299,1.15714,0.81657,0.43084,1.46406,1.25391],
[0.40907,1.01411,0.54288,0.96619,1.03596,0.72257,2.68453,1.8304,1.15728,1.56317,0.52475,0.66422,0.71639,1.10115,1.36146,1.85543,0.98037,1.56021,0.81427,0.4972,0.43005,0.43217,0.58276,0.84786,1.45124,1.34631,1.15279,0.84816,1.0483,0.56593,0.41789,0.79959,0.93949,1.10754,4.12989,0.56562,0.86191,0.60976,0.93277,1.36276,0.27917,0.43557,0.59671,0.7094,0.4117,0.78478,0.56201,0.33503,0.96823,0.82507],
[0.26225,0.55303,0.33008,0.53031,0.56498,0.41914,1.39407,0.96973,0.63653,0.83696,0.32106,0.37935,0.40509,0.60473,0.72667,0.96192,0.53736,0.82542,0.45484,0.30153,0.274,0.26754,0.3382,0.47153,0.76675,0.72655,0.62466,0.46029,0.59109,0.33288,0.2671,0.44945,0.50426,0.60885,2.0893,0.36151,0.49985,0.38719,0.52281,0.71948,0.19698,0.26334,0.34479,0.40272,0.25103,0.45188,0.31734,0.21494,0.52921,0.44845],
[0.44513,1.13543,0.60015,1.08346,1.16272,0.80371,3.05397,2.07311,1.29387,1.76408,0.57956,0.7385,0.79733,1.22211,1.53228,2.089,1.09961,1.7602,0.91099,0.54375,0.47199,0.46582,0.64445,0.94913,1.63042,1.51325,1.28602,0.94915,1.17095,0.61832,0.44844,0.87636,1.04434,1.23725,4.73345,0.62056,0.95042,0.6595,1.04071,1.52813,0.2899,0.47197,0.6595,0.79192,0.44164,0.86528,0.61873,0.35031,1.08099,0.92214],
[0.28575,0.62789,0.36479,0.60141,0.6418,0.46857,0.6593,0.47967,0.34782,0.42348,1.09789,0.42553,0.65922,0.68189,0.36527,0.46017,0.28511,0.40705,0.52383,0.33684,0.86901,0.87343,1.25854,0.68268,0.38222,0.37675,0.3336,0.39048,0.67879,0.3751,0.83016,1.74926,2.13202,2.27798,6.78132,0.40069,0.56127,0.42748,0.60115,0.84018,0.48155,0.89154,1.29055,1.57233,0.56143,0.91305,0.78957,0.27695,0.61267,0.52011],
[0.91673,2.67094,1.30612,2.54043,2.73947,1.81743,1.18202,0.82166,0.54695,0.70889,0.59768,1.67388,1.64176,2.84845,0.60221,0.79378,0.44194,0.68607,0.44078,0.28969,0.48119,0.4702,0.65958,0.53385,0.63624,0.61512,0.52859,0.40671,0.58279,0.32338,0.45715,0.89776,1.08462,1.20692,3.97825,0.35057,0.47481,0.37258,0.50376,0.72064,0.2854,0.47282,0.67589,0.81929,0.35204,0.61089,0.48392,0.21928,0.5057,0.42917],
[0.67116,1.92262,0.95301,1.82816,1.97224,1.32311,0.9963,0.69148,0.47309,0.59594,0.80532,1.20091,1.27904,2.04388,0.49455,0.65269,0.36412,0.56621,0.45998,0.29951,0.63553,0.63121,0.90167,0.58344,0.52035,0.51911,0.44568,0.38168,0.6137,0.33446,0.60933,1.24656,1.53103,1.66655,5.32894,0.36147,0.49163,0.38305,0.52576,0.77161,0.35744,0.63366,0.92628,1.13202,0.42369,0.72499,0.59179,0.23467,0.52854,0.44879],
[3.50059,10.87929,5.12181,10.33591,11.16461,7.2507,4.60521,3.10732,1.92129,2.63782,2.17217,6.72801,6.60053,11.57844,2.27214,3.11798,1.60856,2.62277,1.60587,0.92044,1.68862,1.7021,2.5106,1.99151,2.42356,2.25647,1.91006,1.52518,2.07274,1.05852,1.61598,3.51499,4.35978,4.74167,16.377581,1.03653,1.61346,1.08812,1.82224,2.77716,0.87717,1.73764,2.57759,3.17113,1.25994,2.25162,1.85609,0.63749,1.89568,1.62444],
[0.53906,1.5019,0.75791,1.42854,1.54045,1.0453,2.69696,1.82536,1.13706,1.55267,0.57139,0.94148,0.9814,1.59606,1.32721,1.80981,0.93834,1.53007,0.7855,0.46139,0.45636,0.44058,0.62215,0.8387,1.40952,1.32586,1.11657,0.79019,1.0277,0.5252,0.42966,0.83678,1.03113,1.21411,4.65872,0.54335,0.79137,0.5553,0.88634,1.34148,0.26167,0.43772,0.63822,0.77984,0.38284,0.77375,0.54197,0.27705,0.90175,0.77409],
[0.68352,1.96202,0.97126,1.86556,2.01264,1.34914,5.48505,3.68486,2.25511,3.12164,0.93305,1.22522,1.33442,2.08592,2.69866,3.72982,1.89549,3.11757,1.54541,0.87052,0.73337,0.72578,1.05063,1.6162,2.88405,2.66172,2.24942,1.61333,1.99369,1.01015,0.69358,1.4499,1.79005,2.11389,8.51785,0.97491,1.5499,1.01315,1.74903,2.6914,0.39569,0.73049,1.07856,1.32437,0.67582,1.43054,1.00001,0.50619,1.82092,1.5632],
[0.29903,0.70386,0.39393,0.67205,0.72055,0.51854,1.88258,1.28889,0.82042,1.10313,0.38133,0.46085,0.49688,0.75467,0.94681,1.26987,0.68191,1.08497,0.56646,0.35399,0.31546,0.30643,0.40327,0.58982,1.00288,0.94865,0.80607,0.57206,0.74112,0.39567,0.3024,0.53671,0.63032,0.76394,2.84919,0.42193,0.59208,0.43989,0.64362,0.93669,0.204,0.2977,0.41248,0.49357,0.27863,0.54372,0.36979,0.22412,0.6505,0.55552],
[0.37641,0.94714,0.50654,0.90269,0.9698,0.67889,2.56548,1.74433,1.09954,1.48741,0.48911,0.6107,0.66096,1.01949,1.28273,1.74637,0.91635,1.47379,0.75667,0.45775,0.39803,0.39404,0.53266,0.78896,1.36468,1.27538,1.08451,0.7764,0.98289,0.52079,0.38456,0.72668,0.86451,1.02619,3.93281,0.52994,0.78646,0.55637,0.85965,1.27721,0.25109,0.39026,0.54635,0.65585,0.36516,0.72236,0.50094,0.29426,0.88142,0.75497],
[0.23299,0.48768,0.29281,0.46492,0.49675,0.3746,0.70309,0.50222,0.36239,0.43936,0.38761,0.32795,0.37824,0.53232,0.36805,0.47276,0.28241,0.41569,0.94704,0.55287,0.32029,0.31106,0.41074,0.49479,0.3856,0.38715,0.33886,0.60746,1.22491,0.63443,0.30926,0.55041,0.6476,0.84149,6.03899,0.63807,0.95035,0.66302,1.07566,1.60707,0.2097,0.30431,0.42037,0.50303,0.52757,1.02049,0.76327,0.35586,1.11086,0.95069],
[0.1862,0.32552,0.21952,0.30838,0.32736,0.26939,0.46316,0.34417,0.26995,0.30627,0.27318,0.23074,0.25811,0.37065,0.25351,0.31254,0.20619,0.28324,0.59812,0.37018,0.23304,0.23097,0.27901,0.32657,0.26327,0.27695,0.24779,0.3833,0.78136,0.41547,0.23286,0.37204,0.41392,0.54081,3.63111,0.43992,0.62001,0.45839,0.67956,0.992,0.17475,0.21856,0.28501,0.33091,0.34622,0.65035,0.47589,0.24715,0.68882,0.5884],
[0.19275,0.3317,0.22744,0.32007,0.3378,0.273,0.3567,0.27787,0.23121,0.2532,0.54923,0.24287,0.34545,0.37147,0.21764,0.25807,0.18628,0.2369,0.28602,0.21517,0.44875,0.43947,0.60851,0.35575,0.22386,0.23268,0.21376,0.21626,0.37648,0.23078,0.42544,0.82391,0.9807,1.0672,3.04169,0.26564,0.33611,0.28862,0.33118,0.42476,0.27869,0.44743,0.62256,0.74625,0.29701,0.46895,0.39145,0.18078,0.325,0.27315],
[0.24419,0.50856,0.30445,0.48212,0.51506,0.39071,0.54668,0.40064,0.30034,0.35339,0.92,0.34399,0.52903,0.56495,0.29875,0.36985,0.23871,0.33272,0.42023,0.28246,0.72336,0.71965,1.03588,0.55976,0.31145,0.31651,0.28107,0.31262,0.55784,0.31187,0.69079,1.43577,1.76927,1.90583,5.79273,0.34033,0.46122,0.36542,0.48394,0.69167,0.3964,0.72356,1.06442,1.30467,0.4462,0.74433,0.62459,0.23259,0.4878,0.41023],
[0.52434,1.42914,0.72664,1.35658,1.46175,0.99847,1.54971,1.0602,0.69436,0.90705,2.60324,0.9033,1.50149,1.53455,0.76493,1.03584,0.55202,0.87972,1.15496,0.67343,2.01732,2.04984,3.03566,1.57667,0.80911,0.78046,0.66357,0.83784,1.49716,0.77445,1.94134,4.27406,5.29972,5.61231,17.31271,0.75613,1.15331,0.79887,1.31289,2.00416,1.02553,2.09622,3.11758,3.83888,1.27552,2.11012,1.8564,0.52411,1.36377,1.1666],
[0.24949,0.56055,0.32245,0.53014,0.56938,0.4244,1.01427,0.70749,0.48002,0.61008,0.6006,0.36423,0.467,0.60819,0.50981,0.66935,0.37693,0.5825,0.63217,0.38559,0.47873,0.46719,0.65673,0.54822,0.53794,0.53063,0.45583,0.47583,0.83359,0.43856,0.45189,0.892,1.0924,1.25488,5.17265,0.45728,0.64967,0.47596,0.7179,1.07501,0.27245,0.46136,0.67379,0.82379,0.41398,0.77564,0.58927,0.25986,0.72967,0.62071],
[0.58422,1.64152,0.82219,1.56021,1.68268,1.13683,4.58095,3.08188,1.8947,2.61287,0.79036,1.02761,1.11897,1.75117,2.25394,3.11086,1.58512,2.60278,1.29359,0.73177,0.62407,0.61401,0.88372,1.35254,2.40219,2.22501,1.87634,1.34454,1.67361,0.84902,0.59213,1.21321,1.4993,1.76807,7.09977,0.83191,1.29969,0.85971,1.46383,2.24246,0.35059,0.62113,0.90787,1.10953,0.57417,1.19931,0.83844,0.43918,1.51824,1.30412],
[0.26638,0.59358,0.34172,0.56513,0.60501,0.44487,1.60263,1.09756,0.71206,0.93883,0.33135,0.39328,0.42328,0.65247,0.79401,1.0677,0.57406,0.91358,0.4783,0.30887,0.27722,0.27343,0.34729,0.49748,0.84025,0.809,0.68711,0.48019,0.63068,0.34608,0.2748,0.46679,0.53736,0.64759,2.43067,0.37185,0.51102,0.39265,0.54537,0.79385,0.19706,0.2652,0.35559,0.41833,0.25181,0.46899,0.31965,0.21475,0.54808,0.46731],
[0.23966,0.53377,0.30946,0.50466,0.54209,0.40635,1.45585,0.99759,0.65017,0.85423,0.29775,0.34634,0.37403,0.58111,0.71672,0.96123,0.51327,0.82337,0.42481,0.27823,0.25119,0.2449,0.30555,0.44482,0.76,0.73499,0.62494,0.42162,0.57036,0.31235,0.24936,0.41311,0.47211,0.57641,2.18246,0.33917,0.45216,0.35341,0.48115,0.71369,0.17723,0.23088,0.31087,0.3698,0.21909,0.4177,0.27349,0.18631,0.47735,0.40442],
[0.25314,0.57189,0.3262,0.53806,0.57818,0.43094,1.09885,0.7595,0.5126,0.65333,0.3957,0.37037,0.41653,0.62702,0.54791,0.72219,0.40726,0.62829,0.89457,0.52329,0.32178,0.31591,0.41704,0.53749,0.57358,0.56973,0.48795,0.616,1.16636,0.60032,0.31645,0.56456,0.67797,0.85795,5.63855,0.6053,0.8891,0.62263,1.01016,1.5392,0.21064,0.30557,0.4293,0.51533,0.47077,0.94264,0.68089,0.31739,1.03368,0.88736],
[0.3218,0.6865,0.40306,0.64755,0.69302,0.52166,0.98512,0.70045,0.49337,0.61021,0.53255,0.45978,0.52683,0.76091,0.51552,0.66027,0.39907,0.5848,1.33807,0.77957,0.43687,0.43502,0.57615,0.69061,0.53835,0.53965,0.47024,0.85678,1.72928,0.89658,0.42698,0.78443,0.92623,1.18641,8.6106,0.88445,1.33111,0.92693,1.51823,2.29456,0.29178,0.43011,0.59029,0.70183,0.73752,1.44645,1.07837,0.49931,1.57175,1.34635],
[0.24151,0.5168,0.30678,0.49354,0.52768,0.39444,0.74679,0.53136,0.37923,0.46396,0.40845,0.34548,0.40059,0.56188,0.38848,0.50193,0.29561,0.43961,1.01057,0.58688,0.33625,0.32635,0.43542,0.52557,0.40848,0.40791,0.35617,0.64858,1.30569,0.67429,0.32342,0.58348,0.68936,0.89665,6.43315,0.67413,1.0105,0.70091,1.1478,1.71961,0.21659,0.32013,0.44551,0.53441,0.56071,1.08748,0.81568,0.37656,1.18772,1.01667],
[0.27527,0.6282,0.35885,0.60018,0.64291,0.46859,0.67214,0.48034,0.34975,0.4209,1.14524,0.41422,0.66132,0.68199,0.35195,0.45084,0.27122,0.39704,0.51816,0.32928,0.89588,0.89385,1.30448,0.68866,0.36842,0.37158,0.32587,0.36829,0.67973,0.36842,0.85578,1.81224,2.24447,2.39964,7.32597,0.39451,0.5443,0.41171,0.58877,0.85838,0.48232,0.90901,1.34023,1.64382,0.55499,0.92315,0.79032,0.26048,0.59209,0.50544],
[0.57394,1.55228,0.79547,1.47453,1.58928,1.09112,1.63219,1.12308,0.74736,0.96337,2.87827,0.97703,1.63875,1.6631,0.8082,1.08609,0.59188,0.92942,1.25416,0.7327,2.22796,2.25086,3.34148,1.71496,0.85351,0.83293,0.71045,0.88605,1.6312,0.84426,2.13603,4.68829,5.82988,6.18267,19.05052,0.83381,1.24628,0.87084,1.41902,2.17334,1.12721,2.29881,3.43244,4.23296,1.38027,2.30733,2.01595,0.566,1.46121,1.25382],
[0.85947,2.52232,1.23112,2.39778,2.58774,1.71911,2.61596,1.77132,1.11149,1.50706,4.67832,1.57074,2.66959,2.68324,1.28738,1.75811,0.91053,1.48391,2.03305,1.13153,3.602,3.67689,5.48772,2.79793,1.36902,1.2873,1.0891,1.46004,2.61598,1.319,3.47457,7.75529,9.64909,10.18738,31.51104,1.25435,1.97865,1.31296,2.30263,3.55565,1.78015,3.76207,5.63828,6.96323,2.26541,3.76924,3.33665,0.8722,2.41076,2.06954],
[0.88278,2.54288,1.256,2.4178,2.60856,1.74608,2.68833,1.82626,1.15946,1.55655,4.60529,1.58725,2.65992,2.70709,1.32313,1.79942,0.93851,1.52373,2.17824,1.21642,3.55074,3.61949,5.3875,2.80907,1.40533,1.33222,1.12852,1.54158,2.8067,1.41285,3.42375,7.60532,9.45383,10.02167,31.80414,1.35999,2.1247,1.4169,2.4661,3.7965,1.76606,3.69675,5.53502,6.83315,2.30175,3.86833,3.38919,0.91987,2.57429,2.20992],
[4.62185,14.50363,6.78716,13.7779,14.8847,9.63048,16.01046,10.70477,6.49419,9.04478,10.33679,8.95919,10.85001,15.43517,7.87605,11.00056,5.50884,9.11069,13.35106,7.28658,7.93602,8.15772,12.19146,10.0397,8.48729,7.75097,6.60263,9.60433,17.11817,8.54743,7.71287,17.302,21.52272,24.168171,64.141457,7.79774,12.89205,8.36963,15.15158,23.706301,3.87231,8.34228,12.52725,15.48261,11.83828,21.047689,18.14945,5.15221,16.101219,13.82206],
[0.72288,1.98959,1.00546,1.89001,2.03582,1.38089,2.54874,1.7389,1.11411,1.48595,2.0297,1.25882,1.65547,2.13326,1.27757,1.72991,0.92237,1.46636,3.0192,1.68668,1.5827,1.60454,2.34422,1.95609,1.3548,1.27951,1.0912,2.0012,3.88457,1.96422,1.5307,3.28672,4.05545,4.66061,27.776119,1.85027,2.93844,1.96066,3.42756,5.29933,0.83344,1.63127,2.40769,2.95524,5.86285,9.51054,9.1132,1.75624,3.60627,3.09202],
[0.45817,1.10331,0.60989,1.05245,1.13001,0.80909,1.75662,1.21816,0.81452,1.0497,0.81419,0.71483,0.83391,1.18549,0.88515,1.17523,0.6449,1.01046,2.08436,1.18599,0.65638,0.64394,0.88872,1.10352,0.93599,0.90962,0.78033,1.36625,2.68617,1.3714,0.62747,1.20958,1.45808,1.87464,13.56835,1.33361,2.04855,1.39665,2.3641,3.6062,0.39232,0.63684,0.91081,1.10507,1.12554,2.22766,1.6733,0.74489,2.46237,2.1109],
[1.46659,4.31585,2.0949,4.09355,4.41829,2.93106,6.27888,4.23023,2.62592,3.58836,3.05728,2.68902,3.21192,4.61412,3.0984,4.27638,2.19543,3.57766,9.01646,4.95001,2.36984,2.41404,3.54575,4.41387,3.3177,3.08184,2.6247,5.79704,11.57359,5.79642,2.29763,4.99243,6.18303,7.83987,60.865021,5.33522,8.66367,5.70118,10.22797,15.9647,1.22415,2.45243,3.64338,4.48237,4.80339,9.65493,7.38657,2.98713,10.83384,9.3003],
[0.31644,0.69795,0.40547,0.66428,0.71134,0.52735,1.01224,0.71506,0.50382,0.62208,0.5455,0.46184,0.53603,0.76079,0.52127,0.67586,0.39351,0.59119,1.37753,0.79592,0.44591,0.43317,0.58432,0.70845,0.54691,0.54593,0.4744,0.87952,1.77942,0.91538,0.4305,0.78774,0.93875,1.21658,8.8574,0.90685,1.36848,0.9448,1.56304,2.35966,0.28306,0.42712,0.59935,0.72064,0.75693,1.48141,1.11006,0.50293,1.61947,1.38732],
[0.39612,1.01842,0.53731,0.96765,1.04137,0.72746,1.48975,1.02434,0.66388,0.8774,0.75284,0.65153,0.76916,1.09855,0.74282,0.99091,0.53954,0.85279,2.09013,1.1665,0.59964,0.5918,0.8447,1.03825,0.78582,0.7568,0.64396,1.33087,2.68619,1.35761,0.56801,1.16283,1.42386,1.82437,13.9374,1.28439,2.02099,1.35045,2.36754,3.66169,0.34118,0.598,0.8649,1.05507,1.11331,2.24053,1.69371,0.71839,2.48065,2.13075],
[0.17139,0.25778,0.1928,0.24913,0.26115,0.22368,0.28041,0.22697,0.20182,0.21027,0.41089,0.19721,0.26633,0.29977,0.18458,0.20712,0.17068,0.1985,0.22606,0.18449,0.34279,0.33346,0.4446,0.2733,0.18392,0.19974,0.1866,0.17291,0.30025,0.19508,0.32699,0.59165,0.6904,0.76192,2.0933,0.23159,0.27933,0.25602,0.26327,0.32104,0.22753,0.33544,0.45414,0.53795,0.23352,0.36101,0.29103,0.16275,0.25352,0.21422],
[0.22265,0.45309,0.27647,0.43129,0.4604,0.35223,0.4886,0.36065,0.27974,0.32009,0.80984,0.30696,0.47293,0.50111,0.26744,0.3295,0.22007,0.2995,0.37538,0.25623,0.64014,0.63429,0.90975,0.4902,0.27557,0.28911,0.25772,0.26872,0.49896,0.28385,0.61134,1.25315,1.54273,1.66357,5.03809,0.31342,0.41084,0.33328,0.42893,0.60886,0.36052,0.64037,0.93316,1.13979,0.39763,0.65806,0.55128,0.21096,0.42482,0.36116],
[0.38603,0.9729,0.51775,0.9248,0.99365,0.69561,1.01938,0.71492,0.48428,0.61907,1.7671,0.62763,1.02332,1.05033,0.52697,0.68608,0.39667,0.5996,0.79255,0.47376,1.37687,1.39244,2.04505,1.06422,0.55395,0.54161,0.46796,0.57551,1.02957,0.54204,1.32104,2.86472,3.53822,3.76111,11.47352,0.55033,0.80674,0.5793,0.90278,1.33955,0.71638,1.4194,2.09962,2.57997,0.86718,1.43654,1.24965,0.38241,0.93026,0.79416],
[0.29819,0.7012,0.39269,0.66952,0.71782,0.51679,0.74484,0.53007,0.37849,0.46286,1.26928,0.45921,0.73864,0.75184,0.38717,0.50064,0.29133,0.43715,0.57677,0.35927,0.99558,0.99478,1.45526,0.7667,0.40743,0.40697,0.35541,0.41126,0.75425,0.40181,0.94306,2.02204,2.4936,2.66031,8.05285,0.4278,0.59979,0.44592,0.65532,0.95473,0.53231,1.01646,1.49355,1.83047,0.61602,1.02827,0.88844,0.28158,0.66298,0.5662],
[0.28916,0.66952,0.3747,0.63269,0.67946,0.49671,0.81446,0.57559,0.40302,0.49898,0.83908,0.43704,0.59466,0.73755,0.41839,0.5381,0.32401,0.47613,0.82691,0.49254,0.66141,0.65782,0.94144,0.65817,0.43674,0.43913,0.38021,0.55038,1.08212,0.56744,0.63616,1.30372,1.60186,1.79621,8.8336,0.56693,0.83081,0.59298,0.93674,1.42795,0.37002,0.66056,0.96716,1.18287,2.01009,3.19793,3.10479,0.57759,0.96118,0.82177],
[0.66078,1.80222,0.91862,1.71578,1.84758,1.25719,2.32844,1.59291,1.02126,1.36277,1.81998,1.14201,1.49615,1.92378,1.16627,1.5757,0.8381,1.33746,2.78361,1.55863,1.42206,1.42587,2.09401,1.77379,1.23572,1.17137,0.99609,1.84042,3.57133,1.81035,1.35787,2.91707,3.60722,4.17289,24.96666,1.71009,2.70674,1.81268,3.15931,4.86083,0.74851,1.45602,2.14966,2.63949,5.13359,8.37471,7.98765,1.57775,3.32029,2.84738],
[0.32631,0.8185,0.44012,0.77759,0.83703,0.59288,1.02526,0.71043,0.48425,0.61192,0.93548,0.52046,0.70293,0.87751,0.50775,0.67145,0.37224,0.58175,1.09676,0.62754,0.73524,0.72389,1.0535,0.79176,0.53466,0.53168,0.45592,0.7157,1.4234,0.7234,0.69483,1.44888,1.79514,2.04347,11.28423,0.72012,1.08051,0.74137,1.23971,1.893,0.39629,0.73245,1.08151,1.32801,2.85874,4.54446,4.44944,0.77204,1.27824,1.09732],
[0.30796,0.71012,0.39826,0.67411,0.72249,0.52357,1.01193,0.71207,0.48164,0.61701,0.55363,0.4691,0.5449,0.77439,0.52704,0.68523,0.39804,0.59892,1.38145,0.79235,0.44744,0.44107,0.60789,0.71931,0.55443,0.5396,0.46659,0.89692,1.78125,0.91782,0.4286,0.82981,0.99814,1.27068,9.25864,0.88475,1.36288,0.93754,1.57092,2.39878,0.27308,0.44036,0.62381,0.75297,0.85892,1.63962,1.28707,0.52373,1.6412,1.40532],
[0.49459,1.2988,0.67806,1.23342,1.32878,0.92395,1.90717,1.30527,0.84838,1.11696,0.96186,0.8209,0.9737,1.39165,0.94133,1.26415,0.6775,1.08219,2.67807,1.48954,0.76011,0.74698,1.07134,1.32296,0.99571,0.96159,0.81686,1.70045,3.44214,1.73483,0.72241,1.47183,1.81448,2.33186,17.85882,1.64389,2.5889,1.72198,3.03356,4.68851,0.42371,0.75046,1.10067,1.34762,1.42273,2.86546,2.16736,0.90663,3.17889,2.72891],
[0.36828,0.95811,0.50575,0.91206,0.98233,0.68625,1.41171,0.96816,0.63316,0.82939,0.71509,0.60616,0.72067,1.01921,0.69499,0.93242,0.49713,0.79821,1.9766,1.09518,0.56643,0.55213,0.79241,0.97801,0.73691,0.71398,0.60746,1.25302,2.54183,1.27769,0.53193,1.07867,1.3327,1.72147,13.16001,1.21975,1.91351,1.26967,2.23855,3.44901,0.31479,0.55406,0.8132,0.99619,1.05037,2.11258,1.59709,0.67124,2.34251,2.01095]]

[[0,21.329695,22.164885,19.862193,17.497129,25.716141,29.884596,37.743859,44.418996,50.912719,29.999141,30.589863,32.76242,30.373854,32.504701,35.484223,36.076004,40.722602,43.322035,50.747477,33.860762,35.709703,37.078297,40.020191,40.346398,42.871363,43.861484,45.483773,48.877461,53.366203,42.329383,41.402176,43.376605,45.815961,47.707547,47.094922,46.561961,47.996227,48.508824,54.490129,47.99623,47.689297,47.077148,48.603148,49.999074,49.100895,51.976891,50.120445,52.544211,53.391145],
[21.329695,0,7.483431,11.747816,21.62023,11.095268,18.559127,25.462605,35.245848,44.53893,9.695656,9.296834,12.01541,12.210629,14.594098,17.248197,19.877377,23.34,27.011754,35.433578,13.2819,14.529844,15.860766,19.529822,20.776314,23.081146,24.930912,26.966082,31.074908,36.719176,21.656258,20.073027,22.06151,24.531102,26.650721,26.158012,25.967209,27.355803,29.033691,36.326043,30.176607,28.353283,26.165205,27.340043,28.756287,28.086961,30.851229,29.284113,31.76758,32.994523],
[22.164885,7.483431,0,5.345542,16.425949,4.212585,11.27711,18.653256,28.04735,37.146574,15.304349,11.670716,11.931308,8.225338,10.34733,13.327377,14.474446,18.802023,21.863471,29.93509,18.059166,17.902215,16.88051,18.401469,18.262598,20.814635,21.697686,23.36001,26.936701,31.908838,25.587043,21.779908,23.365398,25.453258,26.560289,25.760055,24.859848,26.30623,26.356633,32.492693,35.994922,33.346789,29.444396,29.521906,29.295041,27.841123,30.875766,28.589109,30.90924,31.464168],
[19.862193,11.747816,5.345542,0,11.134879,6.6053,10.261158,18.211686,26.32341,34.603637,20.475295,17.004266,16.946455,12.17085,13.775566,16.618641,16.387393,21.184209,23.509943,30.905975,23.367869,23.238746,21.950006,22.797797,22.035801,24.598311,24.885578,26.227744,29.275279,33.524309,30.927424,26.893279,28.373008,30.336018,31.113123,30.217969,29.056191,30.491943,29.717369,34.913645,41.220234,38.675195,34.732184,34.648789,34.012477,32.314877,35.399098,32.875055,35.084891,35.32077],
[17.497129,21.62023,16.425949,11.134879,0,17.191164,16.805973,23.470289,27.961041,33.568414,31.051119,28.0921,28.032752,22.834389,24.016477,26.564953,25.038336,29.918244,31.162785,37.063563,34.214156,34.316895,33.041934,33.446871,32.165434,34.663297,34.323254,35.246977,37.499594,40.534309,41.989082,37.995168,39.419,41.295,41.800523,40.827832,39.433984,40.839156,39.190914,43.03141,51.75168,49.544629,45.860855,45.749137,44.825184,42.92018,46.027422,43.293129,45.365066,45.2475],
[25.716141,11.095268,4.212585,6.6053,17.191164,0,7.510438,14.516243,24.151055,33.511605,17.235002,12.323808,11.147738,5.656973,7.173981,10.051243,10.456563,15.007578,17.823334,25.781369,19.316684,18.364943,16.103412,16.304038,15.430729,17.993926,18.38425,19.84535,23.164287,27.895217,25.979082,21.051822,22.334277,24.125744,24.651045,23.71551,22.479092,23.910584,23.182211,28.77399,37.407789,34.214598,29.324482,28.763008,27.63883,25.812656,28.910242,26.310924,28.496719,28.717232],
[29.884596,18.559127,11.27711,10.261158,16.805973,7.510438,0,7.950581,16.771521,26.00249,24.318004,18.811238,16.479262,10.229038,9.857568,11.348273,8.53716,13.274974,14.382927,20.971488,25.914436,24.331541,20.874486,19.038365,16.731225,18.990098,17.983166,18.629926,20.693713,24.015553,31.587779,25.52652,26.309717,27.546799,27.037344,25.90184,24.068984,25.370057,22.768789,26.233891,43.819902,40.145,34.241809,32.841227,30.330781,27.906762,30.974088,27.876074,29.664842,29.106842],
[37.743859,25.462605,18.653256,18.211686,23.470289,14.516243,7.950581,0,10.379427,20.452398,29.460871,23.398246,20.07525,14.661496,13.017336,12.589613,8.09326,10.441531,9.112675,13.593301,30.195418,27.84399,23.307344,19.593689,16.252379,17.737613,15.418056,15.054774,15.483023,17.227342,34.236805,27.182543,27.340736,27.863627,26.270096,25.021268,22.738564,23.767246,19.471793,20.506652,47.25541,42.931922,35.89459,33.559625,29.645936,26.754406,29.568691,26.163258,27.399875,26.073455],
[44.418996,35.245848,28.04735,26.32341,27.961041,24.151055,16.771521,10.379427,0,10.15926,39.816191,33.774516,30.434693,25.005922,23.395762,22.79217,18.29024,19.35008,16.298713,14.894138,40.565871,38.147398,33.456305,29.268412,25.688498,26.658885,23.72468,22.585799,21.067943,19.441199,44.303527,37.031813,36.943031,37.115387,34.961367,33.700016,31.251012,32.025766,26.681369,24.420967,57.451035,52.971164,45.59202,42.866734,38.250461,35.167516,37.66868,34.198414,34.913547,32.958203],
[50.912719,44.53893,37.146574,34.603637,33.568414,33.511605,26.00249,20.452398,10.15926,0,49.738984,43.771633,40.526613,34.946551,33.449066,32.943809,28.438014,29.381627,26.063084,22.65292,50.636797,48.280973,43.615332,39.376523,35.763363,36.601008,33.534891,32.186104,30.032221,26.956201,54.458473,47.15884,47.014344,47.083605,44.748891,43.494473,41.011895,41.683266,36.040977,32.365539,67.609602,63.120953,55.672125,52.830793,47.976539,44.846852,47.190184,43.737031,44.215063,42.00993],
[29.999141,9.695656,15.304349,20.475295,31.051119,17.235002,24.318004,29.460871,39.816191,49.738984,0,6.201048,10.119229,14.810872,16.554816,18.010398,22.081957,23.75459,27.895709,36.250414,3.869686,6.523659,10.641571,16.1075,18.883941,20.44942,23.308547,25.601145,30.063449,36.331938,12.331294,12.990619,15.162924,17.775908,20.833896,20.755883,21.451088,22.613734,26.189596,34.498395,20.755176,18.659746,17.103295,19.093828,22.049027,22.314457,24.555691,23.932219,26.412842,28.35649],
[30.589863,9.296834,11.670716,17.004266,28.0921,12.323808,18.811238,23.398246,33.774516,43.771633,6.201048,0,4.040071,8.854439,10.415017,11.816678,15.895334,17.639904,21.757922,30.162152,7.104943,6.235128,6.592665,10.997126,13.203872,15.089015,17.63491,19.884455,24.299385,30.461678,13.9277,10.855921,12.788555,15.236633,17.437316,17.027355,17.108818,18.436021,21.024687,29.026797,25.126338,21.924865,17.833883,18.355531,19.460564,18.893014,21.590299,20.197969,22.701801,24.174877],
[32.76242,12.01541,11.931308,16.946455,28.032752,11.147738,16.479262,20.07525,30.434693,40.526613,10.119229,4.040071,0,6.262692,7.119496,7.974198,12.268278,13.638661,17.776504,26.148455,10.144005,7.921142,5.009279,7.51857,9.260167,11.302857,13.666195,15.892822,20.28658,26.425994,15.136457,9.9657,11.444098,13.536349,14.967349,14.332885,13.965796,15.367769,17.281139,25.101631,27.48034,23.6659,18.196523,17.71698,17.477918,16.34347,19.264148,17.385141,19.839934,20.980053],
[30.373854,12.210629,8.225338,12.17085,22.834389,5.656973,10.229038,14.661496,25.005922,34.946551,14.810872,8.854439,6.262692,0,2.393243,5.248908,7.812785,11.183106,14.803164,23.245143,15.874258,14.10663,10.898893,10.650246,10.058575,12.620786,13.523442,15.293813,19.123141,24.556115,21.39652,15.757816,16.873002,18.547713,18.994467,18.066199,16.895896,18.335432,18.135969,24.564031,33.626,29.920982,24.293025,23.370459,21.990836,20.16367,23.258027,20.705877,22.935613,23.315473],
[32.504701,14.594098,10.34733,13.775566,24.016477,7.173981,9.857568,13.017336,23.395762,33.449066,16.554816,10.415017,7.119496,2.393243,0,2.980159,5.621007,8.791931,12.43166,20.891836,17.188088,15.010874,11.070574,9.565182,8.265685,10.8243,11.360534,13.026715,16.766982,22.162984,21.924604,15.668969,16.498502,17.889836,17.870195,16.848758,15.42551,16.840436,16.081292,22.242521,34.557926,30.570299,24.394805,23.037588,21.018008,18.932176,22.042189,19.28093,21.399107,21.54533],
[35.484223,17.248197,13.327377,16.618641,26.564953,10.051243,11.348273,12.589613,22.79217,32.943809,18.010398,11.816678,7.974198,5.248908,2.980159,0,4.509427,6.136308,10.074709,18.561225,18.036613,15.386878,10.717957,7.722829,5.610323,8.100742,8.385725,10.058789,13.895177,19.485105,21.65683,14.780841,15.239264,16.263697,15.721789,14.616018,12.951274,14.324696,13.137601,19.315324,34.680555,30.354037,23.562111,21.705195,18.991354,16.656951,19.752355,16.809066,18.80899,18.763154],
[36.076004,19.877377,14.474446,16.387393,25.038336,10.456563,8.53716,8.09326,18.29024,28.438014,22.081957,15.895334,12.268278,7.812785,5.621007,4.509427,0,4.90425,7.38903,15.607656,22.404795,19.864701,15.219635,11.705676,8.700542,10.692028,9.446011,10.208735,12.891043,17.446246,26.143586,19.139117,19.417549,20.165813,19.05751,17.858623,15.827509,17.056352,14.246453,18.530139,39.189941,34.838687,27.888676,25.768637,22.421557,19.774064,22.775088,19.554074,21.223406,20.573557],
[40.722602,23.34,18.802023,21.184209,29.918244,15.007578,13.274974,10.441531,19.35008,29.381627,23.75459,17.639904,13.638661,11.183106,8.791931,6.136308,4.90425,0,4.165902,12.527338,23.276402,20.228443,15.024615,10.096706,6.412473,7.387325,5.050186,5.355118,8.15767,13.380879,25.408082,17.907633,17.638277,17.776158,15.880437,14.623814,12.303868,13.328445,9.576996,13.770208,38.728293,33.956184,26.298045,23.525459,19.244967,16.318031,19.131254,15.740563,17.096096,16.083865],
[43.322035,27.011754,21.863471,23.509943,31.162785,17.823334,14.382927,9.112675,16.298713,26.063084,27.895709,21.757922,17.776504,14.803164,12.43166,10.074709,7.38903,4.165902,0,8.492328,27.438697,24.363936,19.121953,13.978497,10.268437,10.622319,7.471825,6.345024,6.485164,10.075347,29.311654,21.731723,21.258682,21.086033,18.697615,17.43993,14.970602,15.727614,10.64257,11.878311,42.652266,37.768566,29.885986,26.815172,21.961729,18.869346,21.398799,17.929215,18.809373,17.179764],
[50.747477,35.433578,29.93509,30.905975,37.063563,25.781369,20.971488,13.593301,14.894138,22.65292,36.250414,30.162152,26.148455,23.245143,20.891836,18.561225,15.607656,12.527338,8.492328,0,35.547305,32.31325,26.976527,21.467008,17.906389,17.425096,13.99988,11.891616,8.207935,4.547063,36.487688,28.855967,27.972521,27.209502,24.083021,22.923197,20.451818,20.699412,14.559684,9.74,49.75727,44.607293,36.302473,32.67893,26.946674,23.782736,25.607273,22.309113,22.269234,19.755297],
[33.860762,13.2819,18.059166,23.367869,34.214156,19.316684,25.914436,30.195418,40.565871,50.636797,3.869686,7.104943,10.144005,15.874258,17.188088,18.036613,22.404795,23.276402,27.438697,35.547305,0,3.591245,8.776629,14.488578,17.72942,18.879344,22.01823,24.321219,28.781648,35.152664,8.481526,9.839014,11.984373,14.560748,17.903439,17.996748,19.03402,20.062072,24.29002,32.793508,18.094775,15.331877,13.233608,15.342203,18.748002,19.359867,21.357098,21.100004,23.524268,25.698209],
[35.709703,14.529844,17.902215,23.238746,34.316895,18.364943,24.331541,27.84399,38.147398,48.280973,6.523659,6.235128,7.921142,14.10663,15.010874,15.386878,19.864701,20.228443,24.363936,32.31325,3.591245,0,5.354967,11.037216,14.418488,15.405312,18.615816,20.909738,25.35183,31.738469,7.694318,6.477522,8.650086,11.260574,14.434587,14.465799,15.446462,16.489678,20.725051,29.249217,19.559297,15.886441,11.740879,12.911086,15.526414,15.904815,18.051119,17.598117,20.047059,22.152043],
[37.078297,15.860766,16.88051,21.950006,33.041934,16.103412,20.874486,23.307344,33.456305,43.615332,10.641571,6.592665,5.009279,10.898893,11.070574,10.717957,15.219635,15.024615,19.121953,26.976527,8.776629,5.354967,0,5.712198,9.072347,10.10322,13.267683,15.565413,20.016785,26.397328,10.956144,4.959115,6.505181,8.774694,10.854845,10.503298,10.871201,12.10564,15.623576,24.061027,23.995717,19.651033,13.403542,12.70775,12.920929,12.318396,14.998996,13.694645,16.20357,17.874791],
[40.020191,19.529822,18.401469,22.797797,33.446871,16.304038,19.038365,19.593689,29.268412,39.376523,16.1075,10.997126,7.51857,10.650246,9.565182,7.722829,11.705676,10.096706,13.978497,21.467008,14.488578,11.037216,5.712198,0,3.712259,4.395685,7.593665,9.877982,14.314619,20.70218,15.337546,7.812467,7.747076,8.543896,8.35376,7.420219,6.541858,7.977234,10.107479,18.411148,28.675457,23.85949,16.342674,14.067556,11.453073,9.517341,12.607957,10.190803,12.550105,13.481226],
[40.346398,20.776314,18.262598,22.035801,32.165434,15.430729,16.731225,16.252379,25.688498,35.763363,18.883941,13.203872,9.260167,10.058575,8.265685,5.610323,8.700542,6.412473,10.268437,17.906389,17.72942,14.418488,9.072347,3.712259,0,2.568081,4.438861,6.718936,11.179805,17.482035,19.049766,11.505295,11.255103,11.611277,10.376952,9.201277,7.366757,8.721378,8.288452,15.841619,32.387533,27.556947,19.909473,17.316969,13.729134,11.17914,14.243205,11.213982,13.201174,13.290598],
[42.871363,23.081146,20.814635,24.598311,34.663297,17.993926,18.990098,17.737613,26.658885,36.601008,20.44942,15.089015,11.302857,12.620786,10.8243,8.100742,10.692028,7.387325,10.622319,17.425096,18.879344,15.405312,10.10322,4.395685,2.568081,0,3.428569,5.606436,9.973456,16.367855,19.070313,11.434379,10.703511,10.48401,8.534068,7.290389,5.136898,6.384072,5.981049,14.049005,32.371371,27.321295,19.284203,16.229788,11.9127,9.112687,12.084738,8.889563,10.741054,10.724224],
[43.861484,24.930912,21.697686,24.885578,34.323254,18.38425,17.983166,15.418056,23.72468,33.534891,23.308547,17.63491,13.666195,13.523442,11.360534,8.385725,9.446011,5.050186,7.471825,13.99988,22.01823,18.615816,13.267683,7.593665,4.438861,3.428569,0,2.305586,6.776381,13.13444,22.498879,14.862868,14.091241,13.681965,11.237948,9.977569,7.530541,8.405218,4.874685,11.463531,35.797,30.727174,22.615643,19.38259,14.533309,11.490156,14.183537,10.753604,12.045924,11.139684],
[45.483773,26.966082,23.36001,26.227744,35.246977,19.84535,18.629926,15.054774,22.585799,32.186104,25.601145,19.884455,15.892822,15.293813,13.026715,10.058789,10.208735,5.355118,6.345024,11.891616,24.321219,20.909738,15.565413,9.877982,6.718936,5.606436,2.305586,0,4.471553,10.832538,24.61098,16.989617,16.084992,15.446214,12.645252,11.413157,8.905642,9.497382,4.418566,9.359964,37.866223,32.726275,24.489109,21.055637,15.803408,12.662139,15.082882,11.612648,12.477202,11.021523],
[48.877461,31.074908,26.936701,29.275279,37.499594,23.164287,20.693713,15.483023,21.067943,30.032221,30.063449,24.299385,20.28658,19.123141,16.766982,13.895177,12.891043,8.15767,6.485164,8.207935,28.781648,25.35183,20.016785,14.314619,11.179805,9.973456,6.776381,4.471553,0,6.394409,28.743951,21.178535,20.087766,19.127508,15.896418,14.755893,12.311662,12.497735,6.352928,5.639097,41.89316,36.643445,28.234938,24.51251,18.739586,15.574832,17.464826,14.123811,14.251116,11.982834],
[53.366203,36.719176,31.908838,33.524309,40.534309,27.895217,24.015553,17.227342,19.441199,26.956201,36.331938,30.461678,26.425994,24.556115,22.162984,19.485105,17.446246,13.380879,10.075347,4.547063,35.152664,31.738469,26.397328,20.70218,17.482035,16.367855,13.13444,10.832538,6.394409,0,35.032504,27.510893,26.330744,25.187998,21.736506,20.682043,18.340391,18.294727,12.159998,5.493836,48.091328,42.771578,34.268004,30.357658,24.284057,21.196477,22.611852,19.522744,19.071232,16.318764],
[42.329383,21.656258,25.587043,30.927424,41.989082,25.979082,31.587779,34.236805,44.303527,54.458473,12.331294,13.9277,15.136457,21.39652,21.924604,21.65683,26.143586,25.408082,29.311654,36.487688,8.481526,7.694318,10.956144,15.337546,19.049766,19.070313,22.498879,24.61098,28.743951,35.032504,0,7.637168,8.735253,10.43405,14.289213,14.960191,16.927531,17.413143,23.0511,31.50941,13.34197,8.697379,4.924146,8.218669,13.601316,15.466899,16.366068,17.434125,19.453467,22.201803],
[41.402176,20.073027,21.779908,26.893279,37.995168,21.051822,25.52652,27.182543,37.031813,47.15884,12.990619,10.855921,9.9657,15.757816,15.668969,14.780841,19.139117,17.907633,21.731723,28.855967,9.839014,6.477522,4.959115,7.812467,11.505295,11.434379,14.862868,16.989617,21.178535,27.510893,7.637168,0,2.172806,4.785289,8.096424,8.323646,9.797511,10.585398,15.704782,24.264695,20.960256,16.051666,8.785916,7.755569,9.068399,9.535991,11.573974,11.32709,13.711569,16.017717],
[43.376605,22.06151,23.365398,28.373008,39.419,22.334277,26.309717,27.340736,36.943031,47.014344,15.162924,12.788555,11.444098,16.873002,16.498502,15.239264,19.417549,17.638277,21.258682,27.972521,11.984373,8.650086,6.505181,7.747076,11.255103,10.703511,14.091241,16.084992,20.087766,26.330744,8.735253,2.172806,0,2.613542,6.051227,6.433541,8.210085,8.811068,14.315903,22.7899,21.810539,16.644713,8.659808,6.539259,6.905749,7.453499,9.402431,9.301879,11.633034,14.04579],
[45.815961,24.531102,25.453258,30.336018,41.295,24.125744,27.546799,27.863627,37.115387,47.083605,17.775908,15.236633,13.536349,18.547713,17.889836,16.263697,20.165813,17.776158,21.086033,27.209502,14.560748,11.260574,8.774694,8.543896,11.611277,10.48401,13.681965,15.446214,19.127508,25.187998,10.43405,4.785289,2.613542,0,3.856116,4.600943,6.848599,7.07157,13.033898,21.267234,22.968912,17.589488,9.107447,5.751442,4.302097,5.105903,6.800478,7.045694,9.237687,11.82935],
[47.707547,26.650721,26.560289,31.113123,41.800523,24.651045,27.037344,26.270096,34.961367,44.748891,20.833896,17.437316,14.967349,18.994467,17.870195,15.721789,19.05751,15.880437,18.697615,24.083021,17.903439,14.434587,10.854845,8.35376,10.376952,8.534068,11.237948,12.645252,15.896418,21.736506,14.289213,8.096424,6.051227,3.856116,0,1.262583,3.743734,3.441779,9.612472,17.569127,26.654465,21.203084,12.603969,8.633109,3.380652,1.483917,4.317268,3.251567,5.620927,8.016395],
[47.094922,26.158012,25.760055,30.217969,40.827832,23.71551,25.90184,25.021268,33.700016,43.494473,20.755883,17.027355,14.332885,18.066199,16.848758,14.616018,17.858623,14.623814,17.43993,22.923197,17.996748,14.465799,10.503298,7.420219,9.201277,7.290389,9.977569,11.413157,14.755893,20.682043,14.960191,8.323646,6.433541,4.600943,1.262583,0,2.508347,2.470952,8.527012,16.667213,27.557691,22.149225,13.593236,9.757779,4.624718,2.097492,5.199646,3.19737,5.704462,7.710274],
[46.561961,25.967209,24.859848,29.056191,39.433984,22.479092,24.068984,22.738564,31.251012,41.011895,21.451088,17.108818,13.965796,16.895896,15.42551,12.951274,15.827509,12.303868,14.970602,20.451818,19.03402,15.446462,10.871201,6.541858,7.366757,5.136898,7.530541,8.905642,12.311662,18.340391,16.927531,9.797511,8.210085,6.848599,3.743734,2.508347,0,1.446383,6.194341,14.582678,29.780172,24.43234,15.944731,12.231388,7.002815,4.016167,6.947921,3.861923,6.051329,7.066619],
[47.996227,27.355803,26.30623,30.491943,40.839156,23.910584,25.370057,23.767246,32.025766,41.683266,22.613734,18.436021,15.367769,18.335432,16.840436,14.324696,17.056352,13.328445,15.727614,20.699412,20.062072,16.489678,12.10564,7.977234,8.721378,6.384072,8.405218,9.497382,12.497735,18.294727,17.413143,10.585398,8.811068,7.07157,3.441779,2.470952,1.446383,0,6.181923,14.198906,30.020164,24.598611,16.021231,12.070111,6.326709,3.166561,5.803209,2.506058,4.605756,5.769215],
[48.508824,29.033691,26.356633,29.717369,39.190914,23.182211,22.768789,19.471793,26.681369,36.040977,26.189596,21.024687,17.281139,18.135969,16.081292,13.137601,14.246453,9.576996,10.64257,14.559684,24.29002,20.725051,15.623576,10.107479,8.288452,5.981049,4.874685,4.418566,6.352928,12.159998,23.0511,15.704782,14.315903,13.033898,9.612472,8.527012,6.194341,6.181923,0,8.582017,35.973758,30.622766,22.108029,18.245568,12.387,9.224584,11.192706,7.797305,8.232236,6.602958],
[54.490129,36.326043,32.492693,34.913645,43.03141,28.77399,26.233891,20.506652,24.420967,32.365539,34.498395,29.026797,25.101631,24.564031,22.242521,19.315324,18.530139,13.770208,11.878311,9.74,32.793508,29.249217,24.061027,18.411148,15.841619,14.049005,11.463531,9.359964,5.639097,5.493836,31.50941,24.264695,22.7899,21.267234,17.569127,16.667213,14.582678,14.198906,8.582017,0,44.214949,38.772012,30.16442,26.027869,19.726984,16.791564,17.771863,14.960405,14.114935,11.207507],
[47.99623,30.176607,35.994922,41.220234,51.75168,37.407789,43.819902,47.25541,57.451035,67.609602,20.755176,25.126338,27.48034,33.626,34.557926,34.680555,39.189941,38.728293,42.652266,49.75727,18.094775,19.559297,23.995717,28.675457,32.387533,32.371371,35.797,37.866223,41.89316,48.091328,13.34197,20.960256,21.810539,22.968912,26.654465,27.557691,29.780172,30.020164,35.973758,44.214949,0,5.56398,14.14487,18.532977,24.962768,27.552859,27.491129,29.488105,31.053582,34.028004],
[47.689297,28.353283,33.346789,38.675195,49.544629,34.214598,40.145,42.931922,52.971164,63.120953,18.659746,21.924865,23.6659,29.920982,30.570299,30.354037,34.838687,33.956184,37.768566,44.607293,15.331877,15.886441,19.651033,23.85949,27.556947,27.321295,30.727174,32.726275,36.643445,42.771578,8.697379,16.051666,16.644713,17.589488,21.203084,22.149225,24.43234,24.598611,30.622766,38.772012,5.56398,0,8.626707,12.978004,19.414324,22.053021,21.928963,23.9755,25.500898,28.482691],
[47.077148,26.165205,29.444396,34.732184,45.860855,29.324482,34.241809,35.89459,45.59202,55.672125,17.103295,17.833883,18.196523,24.293025,24.394805,23.562111,27.888676,26.298045,29.885986,36.302473,13.233608,11.740879,13.403542,16.342674,19.909473,19.284203,22.615643,24.489109,28.234938,34.268004,4.924146,8.785916,8.659808,9.107447,12.603969,13.593236,15.944731,16.021231,22.108029,30.16442,14.14487,8.626707,0,4.469716,10.836994,13.426519,13.433021,15.350063,16.932027,19.890809],
[48.603148,27.340043,29.521906,34.648789,45.749137,28.763008,32.841227,33.559625,42.866734,52.830793,19.093828,18.355531,17.71698,23.370459,23.037588,21.705195,25.768637,23.525459,26.815172,32.67893,15.342203,12.911086,12.70775,14.067556,17.316969,16.229788,19.38259,21.055637,24.51251,30.357658,8.218669,7.755569,6.539259,5.751442,8.633109,9.757779,12.231388,12.070111,18.245568,26.027869,18.532977,12.978004,4.469716,0,6.441818,9.237514,8.975623,11.094238,12.522965,15.510227],
[49.999074,28.756287,29.295041,34.012477,44.825184,27.63883,30.330781,29.645936,38.250461,47.976539,22.049027,19.460564,17.477918,21.990836,21.018008,18.991354,22.421557,19.244967,21.961729,26.946674,18.748002,15.526414,12.920929,11.453073,13.729134,11.9127,14.533309,15.803408,18.739586,24.284057,13.601316,9.068399,6.905749,4.302097,3.380652,4.624718,7.002815,6.326709,12.387,19.726984,24.962768,19.414324,10.836994,6.441818,0,3.173677,2.768899,4.779082,6.095052,9.069067],
[49.100895,28.086961,27.841123,32.314877,42.92018,25.812656,27.906762,26.754406,35.167516,44.846852,22.314457,18.893014,16.34347,20.16367,18.932176,16.656951,19.774064,16.318031,18.869346,23.782736,19.359867,15.904815,12.318396,9.517341,11.17914,9.112687,11.490156,12.662139,15.574832,21.196477,15.466899,9.535991,7.453499,5.105903,1.483917,2.097492,4.016167,3.166561,9.224584,16.791564,27.552859,22.053021,13.426519,9.237514,3.173677,0,3.110023,1.972057,4.179991,6.738258],
[51.976891,30.851229,30.875766,35.399098,46.027422,28.910242,30.974088,29.568691,37.66868,47.190184,24.555691,21.590299,19.264148,23.258027,22.042189,19.752355,22.775088,19.131254,21.398799,25.607273,21.357098,18.051119,14.998996,12.607957,14.243205,12.084738,14.183537,15.082882,17.464826,22.611852,16.366068,11.573974,9.402431,6.800478,4.317268,5.199646,6.947921,5.803209,11.192706,17.771863,27.491129,21.928963,13.433021,8.975623,2.768899,3.110023,0,3.470562,3.705764,6.728514],
[50.120445,29.284113,28.589109,32.875055,43.293129,26.310924,27.876074,26.163258,34.198414,43.737031,23.932219,20.197969,17.385141,20.705877,19.28093,16.809066,19.554074,15.740563,17.929215,22.309113,21.100004,17.598117,13.694645,10.190803,11.213982,8.889563,10.753604,11.612648,14.123811,19.522744,17.434125,11.32709,9.301879,7.045694,3.251567,3.19737,3.861923,2.506058,7.797305,14.960405,29.488105,23.9755,15.350063,11.094238,4.779082,1.972057,3.470562,0,2.508933,4.783683],
[52.544211,31.76758,30.90924,35.084891,45.365066,28.496719,29.664842,27.399875,34.913547,44.215063,26.412842,22.701801,19.839934,22.935613,21.399107,18.80899,21.223406,17.096096,18.809373,22.269234,23.524268,20.047059,16.20357,12.550105,13.201174,10.741054,12.045924,12.477202,14.251116,19.071232,19.453467,13.711569,11.633034,9.237687,5.620927,5.704462,6.051329,4.605756,8.232236,14.114935,31.053582,25.500898,16.932027,12.522965,6.095052,4.179991,3.705764,2.508933,0,3.026538],
[53.391145,32.994523,31.464168,35.32077,45.2475,28.717232,29.106842,26.073455,32.958203,42.00993,28.35649,24.174877,20.980053,23.315473,21.54533,18.763154,20.573557,16.083865,17.179764,19.755297,25.698209,22.152043,17.874791,13.481226,13.290598,10.724224,11.139684,11.021523,11.982834,16.318764,22.201803,16.017717,14.04579,11.82935,8.016395,7.710274,7.066619,5.769215,6.602958,11.207507,34.028004,28.482691,19.890809,15.510227,9.069067,6.738258,6.728514,4.783683,3.026538,0]]
